3040
3000
2991
2983
2974
2966
2957
2949
2941
2932
2924
2915
2907
2898
2890
2882
2873
2865
2856
2848
2840
2825
2811
2797
2783
2769
2755
2741
2727
2713
2699
2685
2671
2657
2643
2629
2615
2600
2586
2572
2558
2544
2530
2516
2502
2488
2474
2460
2446
2432
2418
2404
2390
2381
2372
2363
2355
2346
2337
2329
2320
2311
2303
2294
2285
2277
2268
2259
2251
2242
2233
2225
2216
2207
2199
2190
2181
2173
2164
2155
2146
2138
2129
2120
2112
2103
2094
2086
2077
2068
2060
2051
2042
2034
2025
2016
2008
1999
1990
1982
1973
1964
1956
1947
1938
1930
1924
1919
1913
1908
1902
1897
1891
1886
1880
1875
1870
1864
1859
1853
1848
1842
1837
1831
1826
1820
1815
1810
1804
1799
1793
1788
1782
1777
1771
1766
1760
1755
1750
1744
1739
1733
1728
1722
1717
1711
1706
1700
1695
1690
1686
1683
1679
1676
1672
1669
1665
1662
1658
1655
1651
1648
1645
1641
1638
1634
1631
1627
1624
1620
1617
1613
1610
1606
1603
1600
1596
1593
1589
1586
1582
1579
1575
1572
1568
1565
1561
1558
1555
1551
1548
1544
1541
1537
1534
1530
1527
1523
1520
1516
1513
1510
1506
1503
1499
1496
1492
1489
1485
1482
1478
1475
1471
1468
1465
1461
1458
1454
1451
1447
1444
1440
1437
1433
1430
1426
1423
1420
1416
1413
1409
1406
1402
1399
1395
1392
1388
1385
1381
1378
1375
1371
1368
1364
1361
1357
1354
1350
1347
1343
1340
1336
1333
1330
1327
1324
1321
1318
1316
1313
1310
1307
1305
1302
1299
1296
1293
1291
1288
1285
1282
1280
1277
1274
1271
1268
1266
1263
1260
1257
1255
1252
1249
1246
1243
1241
1238
1235
1232
1230
1227
1224
1221
1218
1216
1213
1210
1207
1205
1202
1199
1196
1193
1191
1188
1185
1182
1180
1178
1176
1175
1173
1172
1170
1169
1167
1166
1164
1163
1161
1160
1158
1156
1155
1153
1152
1150
1149
1147
1146
1144
1143
1141
1140
1138
1136
1135
1133
1132
1130
1129
1127
1126
1124
1123
1121
1120
1118
1116
1115
1113
1112
1110
1109
1107
1106
1104
1103
1101
1100
1098
1096
1095
1093
1092
1090
1089
1087
1086
1084
1083
1081
1080
1078
1076
1075
1073
1072
1070
1069
1067
1066
1064
1063
1061
1060
1058
1056
1055
1053
1052
1050
1049
1047
1046
1044
1043
1041
1040
1038
1036
1035
1033
1032
1030
1029
1027
1026
1024
1023
1021
1020
1018
1017
1016
1015
1014
1013
1012
1011
1009
1008
1007
1006
1005
1004
1003
1002
1001
999
998
997
996
995
994
993
992
991
989
988
987
986
985
984
983
982
981
979
978
977
976
975
974
973
972
971
969
968
967
966
965
964
963
962
961
959
958
957
956
955
954
953
952
951
949
948
947
946
945
944
943
942
941
939
938
937
936
935
934
933
932
931
929
928
927
926
925
924
923
922
921
920
919
918
917
916
916
915
914
913
912
912
911
910
909
908
907
907
906
905
904
903
903
902
901
900
899
898
898
897
896
895
894
894
893
892
891
890
889
889
888
887
886
885
885
884
883
882
881
880
880
879
878
877
876
876
875
874
873
872
871
871
870
869
868
867
867
866
865
864
863
862
862
861
860
859
858
858
857
856
855
854
853
853
852
851
850
849
849
848
847
846
845
844
844
843
842
841
840
840
839
838
837
836
835
835
834
833
832
831
831
830
829
828
828
827
826
826
825
824
824
823
822
822
821
820
820
819
818
818
817
816
816
815
814
814
813
812
812
811
810
810
809
808
807
807
806
805
805
804
803
803
802
801
801
800
799
799
798
797
797
796
795
795
794
793
793
792
791
791
790
789
789
788
787
787
786
785
784
784
783
782
782
781
780
780
779
778
778
777
776
776
775
774
774
773
772
772
771
770
770
769
768
768
767
766
766
765
764
764
763
763
762
762
761
761
760
760
759
759
758
758
757
757
756
756
755
755
754
754
753
753
752
752
751
751
750
750
749
749
748
748
747
747
746
746
745
745
744
744
743
743
742
742
741
741
740
740
739
739
738
738
737
737
736
736
735
735
734
734
733
733
732
732
731
731
730
730
729
729
728
728
727
727
726
726
725
725
724
724
723
723
722
722
721
721
720
720
719
719
718
718
717
717
716
716
715
715
714
714
714
713
713
712
712
711
711
711
710
710
709
709
708
708
708
707
707
706
706
705
705
705
704
704
703
703
702
702
702
701
701
700
700
699
699
699
698
698
697
697
696
696
696
695
695
694
694
693
693
693
692
692
691
691
690
690
690
689
689
688
688
687
687
687
686
686
685
685
684
684
684
683
683
682
682
681
681
681
680
680
679
679
678
678
678
677
677
676
676
675
675
675
674
674
673
673
673
672
672
671
671
671
670
670
669
669
669
668
668
667
667
667
666
666
665
665
665
664
664
663
663
663
662
662
661
661
661
660
660
659
659
659
658
658
657
657
657
656
656
655
655
655
654
654
654
653
653
652
652
652
651
651
650
650
650
649
649
648
648
648
647
647
646
646
646
645
645
644
644
644
643
643
642
642
642
641
641
640
640
640
639
639
638
638
638
637
637
636
636
636
635
635
635
634
634
634
633
633
633
632
632
632
631
631
631
630
630
630
629
629
629
628
628
628
627
627
627
626
626
626
625
625
625
624
624
624
623
623
623
622
622
622
621
621
621
620
620
620
619
619
619
618
618
618
617
617
617
617
616
616
616
615
615
615
614
614
614
613
613
613
612
612
612
611
611
611
610
610
610
609
609
609
608
608
608
607
607
607
606
606
606
605
605
605
604
604
604
603
603
603
602
602
602
601
601
601
600
600
600
600
599
599
599
598
598
598
597
597
597
597
596
596
596
595
595
595
594
594
594
594
593
593
593
592
592
592
591
591
591
591
590
590
590
589
589
589
588
588
588
588
587
587
587
586
586
586
585
585
585
585
584
584
584
583
583
583
582
582
582
582
581
581
581
580
580
580
579
579
579
579
578
578
578
577
577
577
576
576
576
576
575
575
575
574
574
574
573
573
573
573
572
572
572
571
571
571
570
570
570
570
569
569
569
569
568
568
568
568
567
567
567
567
567
566
566
566
566
565
565
565
565
565
564
564
564
564
563
563
563
563
563
562
562
562
562
561
561
561
561
561
560
560
560
560
559
559
559
559
559
558
558
558
558
557
557
557
557
556
556
556
556
556
555
555
555
555
554
554
554
554
554
553
553
553
553
552
552
552
552
552
551
551
551
551
550
550
550
550
550
549
549
549
549
548
548
548
548
548
547
547
547
547
546
546
546
546
546
545
545
545
545
545
544
544
544
544
544
543
543
543
543
543
543
542
542
542
542
542
541
541
541
541
541
540
540
540
540
540
540
539
539
539
539
539
538
538
538
538
538
537
537
537
537
537
537
536
536
536
536
536
535
535
535
535
535
534
534
534
534
534
534
533
533
533
533
533
532
532
532
532
532
531
531
531
531
531
531
530
530
530
530
530
529
529
529
529
529
529
528
528
528
528
527
527
527
527
527
526
526
526
526
526
525
525
525
525
525
524
524
524
524
524
523
523
523
523
523
522
522
522
522
522
521
521
521
521
521
520
520
520
520
520
519
519
519
519
519
518
518
518
518
518
517
517
517
517
516
516
516
516
516
515
515
515
515
515
514
514
514
514
514
513
513
513
513
513
512
512
512
512
512
511
511
511
511
511
510
510
510
510
510
509
509
509
509
509
508
508
508
508
508
507
507
507
507
507
506
506
506
506
506
505
505
505
505
505
505
504
504
504
504
504
504
503
503
503
503
503
503
502
502
502
502
502
502
501
501
501
501
501
501
500
500
500
500
500
500
499
499
499
499
499
499
498
498
498
498
498
498
497
497
497
497
497
497
496
496
496
496
496
496
495
495
495
495
495
495
494
494
494
494
494
494
493
493
493
493
493
493
492
492
492
492
492
492
491
491
491
491
491
491
490
490
490
490
490
490
489
489
489
489
489
489
488
488
488
488
488
488
487
487
487
487
487
487
486
486
486
486
486
486
485
485
485
485
485
485
484
484
484
484
484
484
483
483
483
483
483
483
483
482
482
482
482
482
482
481
481
481
481
481
481
480
480
480
480
480
480
479
479
479
479
479
479
478
478
478
478
478
478
477
477
477
477
477
477
476
476
476
476
476
476
476
475
475
475
475
475
475
475
474
474
474
474
474
474
474
474
473
473
473
473
473
473
473
473
472
472
472
472
472
472
472
472
471
471
471
471
471
471
471
471
470
470
470
470
470
470
470
470
469
469
469
469
469
469
469
468
468
468
468
468
468
468
468
467
467
467
467
467
467
467
467
466
466
466
466
466
466
466
466
465
465
465
465
465
465
465
465
464
464
464
464
464
464
464
464
463
463
463
463
463
463
463
463
462
462
462
462
462
461
461
461
461
461
460
460
460
460
460
459
459
459
459
459
459
458
458
458
458
458
457
457
457
457
457
456
456
456
456
456
456
455
455
455
455
455
454
454
454
454
454
453
453
453
453
453
453
452
452
452
452
452
451
451
451
451
451
450
450
450
450
450
449
449
449
449
449
449
448
448
448
448
448
447
447
447
447
447
446
446
446
446
446
446
445
445
445
445
445
444
